6.199e-10,1.503e-05
6.351e-10,1.636e-05
6.508e-10,1.781e-05
6.665e-10,1.936e-05
6.831e-10,6.3e-06
6.997e-10,6.904e-06
7.166e-10,7.564e-06
7.345e-10,8.298e-06
7.523e-10,9.083e-06
7.705e-10,9.941e-06
7.897e-10,1.09e-05
8.087e-10,1.193e-05
8.287e-10,1.308e-05
8.492e-10,1.432e-05
8.694e-10,1.562e-05
8.906e-10,1.708e-05
9.129e-10,1.872e-05
9.35e-10,2.044e-05
9.581e-10,2.238e-05
9.816e-10,2.447e-05
1.005e-09,2.673e-05
1.03e-09,2.916e-05
1.055e-09,3.189e-05
1.081e-09,3.483e-05
1.108e-09,3.812e-05
1.134e-09,4.155e-05
1.162e-09,4.537e-05
1.191e-09,4.965e-05
1.22e-09,5.423e-05
1.25e-09,5.915e-05
1.281e-09,6.468e-05
1.312e-09,7.061e-05
1.343e-09,7.686e-05
1.376e-09,8.364e-05
1.41e-09,9.121e-05
1.445e-09,9.928e-05
1.479e-09,0.000108
1.516e-09,0.0001179
1.554e-09,0.0001289
1.592e-09,0.0001407
1.631e-09,0.0001535
1.671e-09,0.0001671
1.71e-09,0.0001813
1.754e-09,0.0001981
1.797e-09,0.0002149
1.839e-09,0.0002326
1.884e-09,0.0002536
1.931e-09,0.0002771
1.977e-09,0.0003009
2.026e-09,0.000327
2.077e-09,0.000356
2.127e-09,0.0003862
2.179e-09,0.0004199
2.234e-09,0.0004578
2.287e-09,0.0004971
2.344e-09,0.0001486
2.403e-09,0.0001621
2.46e-09,0.000176
2.52e-09,0.000191
2.583e-09,0.000208
2.643e-09,0.000226
2.707e-09,0.000245
2.774e-09,0.000267
2.844e-09,0.00029
2.91e-09,0.000315
2.987e-09,0.000344
3.054e-09,0.000371
3.131e-09,0.000404
3.212e-09,0.00044
3.289e-09,0.000477
3.369e-09,0.000518
3.453e-09,0.000563
3.532e-09,0.000607
3.625e-09,0.000662
3.712e-09,0.000717
3.803e-09,0.000777
3.899e-09,0.000844
3.986e-09,0.000909
4.092e-09,0.000991
4.188e-09,0.00107
4.29e-09,0.00116
4.396e-09,0.00125
4.508e-09,0.00136
4.609e-09,0.00146
4.732e-09,0.00159
4.843e-09,0.00171
4.959e-09,0.00185
5.081e-09,0.002
5.209e-09,0.00216
5.344e-09,0.00234
5.462e-09,0.0025
5.61e-09,0.00272
5.74e-09,0.00292
5.876e-09,0.00314
6.018e-09,0.00337
6.168e-09,0.00363
6.325e-09,0.0039
6.491e-09,0.00421
6.63e-09,0.00447
6.812e-09,0.00482
6.965e-09,0.00511
7.125e-09,0.00544
7.293e-09,0.0058
7.469e-09,0.00619
7.653e-09,0.00660671
7.68245e-09,0.00667199
7.71201e-09,0.00673676
7.74168e-09,0.00680055
7.77147e-09,0.00686286
7.80137e-09,0.00692316
7.83138e-09,0.00698094
7.86152e-09,0.00703564
7.89177e-09,0.00708671
7.92213e-09,0.00713359
7.95261e-09,0.00717571
7.98321e-09,0.00721249
8.01393e-09,0.00724338
8.04476e-09,0.0072678
8.07571e-09,0.00728547
8.10679e-09,0.00729822
8.13798e-09,0.0073088
8.16929e-09,0.00732001
8.20072e-09,0.00733466
8.23228e-09,0.00735512
8.26395e-09,0.00738198
8.29575e-09,0.00741543
8.32767e-09,0.0074557
8.35971e-09,0.00750303
8.39188e-09,0.00755768
8.42416e-09,0.00761994
8.45658e-09,0.00769012
8.48912e-09,0.00776856
8.52178e-09,0.00785565
8.55457e-09,0.00795179
8.58748e-09,0.00805744
8.62052e-09,0.00817301
8.65369e-09,0.00829819
8.68699e-09,0.00843201
8.72041e-09,0.00857346
8.75397e-09,0.00872146
8.78765e-09,0.00887485
8.82146e-09,0.00903238
8.8554e-09,0.00919269
8.88947e-09,0.00935436
8.92368e-09,0.00951581
8.95801e-09,0.00967541
8.99248e-09,0.00983139
9.02708e-09,0.00998224
9.06181e-09,0.010129
9.09668e-09,0.0102742
9.13168e-09,0.0104204
9.16682e-09,0.0105703
9.20209e-09,0.0107268
9.23749e-09,0.0108901
9.27304e-09,0.0110501
9.30871e-09,0.0111939
9.34453e-09,0.0113082
9.38049e-09,0.0113793
9.41658e-09,0.0113939
9.45281e-09,0.0113554
9.48918e-09,0.0112851
9.52569e-09,0.0112051
9.56234e-09,0.0111369
9.59914e-09,0.0111018
9.63607e-09,0.011113
9.67315e-09,0.0111511
9.71037e-09,0.0111876
9.74773e-09,0.0111941
9.78523e-09,0.0111419
9.82288e-09,0.0110056
9.86068e-09,0.0107887
9.89862e-09,0.0105163
9.93671e-09,0.0102126
9.97494e-09,0.00990006
1.00133e-08,0.00959856
1.00518e-08,0.00932001
1.00905e-08,0.0090665
1.01293e-08,0.00883923
1.01683e-08,0.00863931
1.02074e-08,0.00846784
1.02467e-08,0.00832891
1.02861e-08,0.00823321
1.03257e-08,0.00819238
1.03655e-08,0.00821871
1.04053e-08,0.00832612
1.04454e-08,0.00852018
1.04856e-08,0.00877822
1.05259e-08,0.00907073
1.05664e-08,0.00936449
1.06071e-08,0.00962189
1.06479e-08,0.00981285
1.06888e-08,0.00993346
1.073e-08,0.00998539
1.07713e-08,0.00997187
1.08127e-08,0.00989745
1.08543e-08,0.00976771
1.08961e-08,0.00958899
1.0938e-08,0.00936812
1.09801e-08,0.00911211
1.10223e-08,0.0088307
1.10647e-08,0.0085869
1.11073e-08,0.00848671
1.115e-08,0.00863764
1.11929e-08,0.00917269
1.1236e-08,0.0102529
1.12792e-08,0.011824
1.13226e-08,0.0136312
1.13662e-08,0.0152199
1.14099e-08,0.0159479
1.14538e-08,0.0154555
1.14979e-08,0.0141406
1.15422e-08,0.0125214
1.15866e-08,0.0110014
1.16311e-08,0.00981612
1.16759e-08,0.00894896
1.17208e-08,0.00830204
1.17659e-08,0.00780469
1.18112e-08,0.00740409
1.18566e-08,0.00707182
1.19023e-08,0.00680972
1.1948e-08,0.00662284
1.1994e-08,0.00651712
1.20402e-08,0.00649628
1.20865e-08,0.00654223
1.2133e-08,0.00662961
1.21797e-08,0.00673287
1.22265e-08,0.00682613
1.22736e-08,0.00689946
1.23208e-08,0.00695735
1.23682e-08,0.00700506
1.24158e-08,0.00704808
1.24636e-08,0.00709203
1.25115e-08,0.00714272
1.25597e-08,0.0072061
1.2608e-08,0.00728837
1.26565e-08,0.0073892
1.27052e-08,0.00749106
1.27541e-08,0.00757285
1.28032e-08,0.00761267
1.28524e-08,0.00760084
1.29019e-08,0.00756848
1.29515e-08,0.00755482
1.30014e-08,0.00759898
1.30514e-08,0.00772735
1.31016e-08,0.00791519
1.3152e-08,0.00812389
1.32026e-08,0.00831101
1.32534e-08,0.00844411
1.33044e-08,0.008537
1.33556e-08,0.00861526
1.3407e-08,0.00870566
1.34586e-08,0.00882831
1.35104e-08,0.00898314
1.35623e-08,0.0091667
1.36145e-08,0.0093755
1.36669e-08,0.00960703
1.37195e-08,0.00986092
1.37723e-08,0.010137
1.38253e-08,0.0104351
1.38785e-08,0.0107549
1.39319e-08,0.0110962
1.39855e-08,0.0114585
1.40393e-08,0.0118412
1.40933e-08,0.0122436
1.41475e-08,0.0126649
1.4202e-08,0.0131039
1.42566e-08,0.0135593
1.43115e-08,0.0140295
1.43665e-08,0.0145126
1.44218e-08,0.0150064
1.44773e-08,0.0155085
1.4533e-08,0.0160159
1.45889e-08,0.0165255
1.4645e-08,0.0170337
1.47014e-08,0.0175365
1.4758e-08,0.0180297
1.48147e-08,0.0185088
1.48717e-08,0.0189688
1.4929e-08,0.0194046
1.49864e-08,0.0198108
1.50441e-08,0.0201825
1.5102e-08,0.0205183
1.51601e-08,0.0208194
1.52184e-08,0.0210871
1.52769e-08,0.0213231
1.53357e-08,0.0215294
1.53947e-08,0.0217082
1.5454e-08,0.0218621
1.55134e-08,0.0219935
1.55731e-08,0.0221055
1.5633e-08,0.0222008
1.56932e-08,0.0222824
1.57536e-08,0.0223535
1.58142e-08,0.0224173
1.5875e-08,0.0224769
1.59361e-08,0.0225355
1.59974e-08,0.0225965
1.6059e-08,0.0226627
1.61208e-08,0.0227347
1.61828e-08,0.0228127
1.62451e-08,0.0228969
1.63076e-08,0.0229872
1.63703e-08,0.0230838
1.64333e-08,0.0231869
1.64965e-08,0.0232966
1.656e-08,0.0234131
1.66237e-08,0.0235364
1.66877e-08,0.0236667
1.67519e-08,0.0238042
1.68163e-08,0.0239491
1.6881e-08,0.0241015
1.6946e-08,0.0242616
1.70112e-08,0.0244297
1.70767e-08,0.0246059
1.71424e-08,0.0247906
1.72083e-08,0.0249844
1.72745e-08,0.0251877
1.7341e-08,0.0254009
1.74077e-08,0.0256245
1.74747e-08,0.0258591
1.75419e-08,0.0261051
1.76094e-08,0.0263633
1.76772e-08,0.026634
1.77452e-08,0.0269181
1.78135e-08,0.027216
1.7882e-08,0.0275286
1.79508e-08,0.0278565
1.80199e-08,0.0282005
1.80892e-08,0.0285604
1.81588e-08,0.0289342
1.82287e-08,0.0293198
1.82988e-08,0.0297147
1.83692e-08,0.0301166
1.84399e-08,0.0305229
1.85109e-08,0.0309307
1.85821e-08,0.0313371
1.86536e-08,0.0317391
1.87254e-08,0.0321336
1.87974e-08,0.0325171
1.88697e-08,0.0328862
1.89423e-08,0.0332373
1.90152e-08,0.0335668
1.90884e-08,0.033873
1.91618e-08,0.0341596
1.92356e-08,0.0344306
1.93096e-08,0.0346905
1.93839e-08,0.034944
1.94584e-08,0.0351958
1.95333e-08,0.0354507
1.96085e-08,0.0357138
1.96839e-08,0.0359903
1.97597e-08,0.0362854
1.98357e-08,0.0366048
1.9912e-08,0.0369541
1.99886e-08,0.0373394
2.00655e-08,0.0377658
2.01427e-08,0.03823
2.02202e-08,0.0387259
2.0298e-08,0.0392466
2.03761e-08,0.0397851
2.04545e-08,0.040334
2.05332e-08,0.0408854
2.06122e-08,0.041431
2.06916e-08,0.0419619
2.07712e-08,0.0424692
2.08511e-08,0.0429432
2.09313e-08,0.043374
2.10118e-08,0.0437518
2.10927e-08,0.0440707
2.11739e-08,0.0443375
2.12553e-08,0.044561
2.13371e-08,0.0447503
2.14192e-08,0.044915
2.15016e-08,0.0450648
2.15843e-08,0.0452094
2.16674e-08,0.0453589
2.17508e-08,0.0455233
2.18345e-08,0.0457129
2.19185e-08,0.0459382
2.20028e-08,0.0462098
2.20875e-08,0.0465359
2.21724e-08,0.0469134
2.22578e-08,0.0473371
2.23434e-08,0.0478015
2.24294e-08,0.0483009
2.25157e-08,0.0488296
2.26023e-08,0.0493815
2.26893e-08,0.0499503
2.27766e-08,0.0505294
2.28642e-08,0.0511119
2.29522e-08,0.0516906
2.30405e-08,0.052258
2.31291e-08,0.0528109
2.32181e-08,0.053351
2.33075e-08,0.0538802
2.33971e-08,0.0544006
2.34872e-08,0.0549146
2.35775e-08,0.0554244
2.36683e-08,0.0559325
2.37593e-08,0.0564413
2.38507e-08,0.0569536
2.39425e-08,0.0574719
2.40346e-08,0.0579991
2.41271e-08,0.0585387
2.42199e-08,0.0590952
2.43131e-08,0.0596734
2.44067e-08,0.060278
2.45006e-08,0.0609143
2.45949e-08,0.0615875
2.46895e-08,0.0623032
2.47845e-08,0.0630673
2.48798e-08,0.063886
2.49756e-08,0.0647658
2.50717e-08,0.0657114
2.51681e-08,0.0667062
2.5265e-08,0.067721
2.53622e-08,0.068725
2.54598e-08,0.0696855
2.55577e-08,0.0705678
2.56561e-08,0.0713362
2.57548e-08,0.0719539
2.58539e-08,0.0723838
2.59534e-08,0.0725892
2.60532e-08,0.0725374
2.61535e-08,0.0722429
2.62541e-08,0.0717632
2.63551e-08,0.0711577
2.64565e-08,0.0704846
2.65583e-08,0.0698006
2.66605e-08,0.0691601
2.67631e-08,0.0686158
2.6866e-08,0.0682188
2.69694e-08,0.0680197
2.70732e-08,0.0680648
2.71774e-08,0.0683493
2.72819e-08,0.0688396
2.73869e-08,0.0695029
2.74923e-08,0.0703062
2.7598e-08,0.0712161
2.77042e-08,0.0721976
2.78108e-08,0.0732139
2.79178e-08,0.0742264
2.80253e-08,0.0751941
2.81331e-08,0.0760912
2.82413e-08,0.076926
2.835e-08,0.0777112
2.84591e-08,0.0784607
2.85686e-08,0.0791888
2.86785e-08,0.0799105
2.87888e-08,0.0806413
2.88996e-08,0.0813974
2.90108e-08,0.0821955
2.91224e-08,0.0830457
2.92345e-08,0.0839365
2.9347e-08,0.0848516
2.94599e-08,0.085774
2.95732e-08,0.0866862
2.9687e-08,0.0875697
2.98012e-08,0.0884054
2.99159e-08,0.0891736
3.0031e-08,0.089854
3.01466e-08,0.0904356
3.02626e-08,0.0909248
3.0379e-08,0.0913303
3.04959e-08,0.0916614
3.06132e-08,0.0919274
3.0731e-08,0.0921384
3.08493e-08,0.0923041
3.0968e-08,0.0924349
3.10871e-08,0.0925409
3.12067e-08,0.0926326
3.13268e-08,0.0927202
3.14473e-08,0.0928143
3.15683e-08,0.0929254
3.16898e-08,0.0930639
3.18117e-08,0.0932405
3.19341e-08,0.0934659
3.2057e-08,0.0937509
3.21803e-08,0.0941025
3.23042e-08,0.0945236
3.24284e-08,0.095017
3.25532e-08,0.0955857
3.26785e-08,0.096233
3.28042e-08,0.0969624
3.29304e-08,0.0977777
3.30571e-08,0.0986825
3.31843e-08,0.0996713
3.3312e-08,0.100727
3.34402e-08,0.101831
3.35688e-08,0.102965
3.3698e-08,0.104109
3.38277e-08,0.105242
3.39578e-08,0.106343
3.40885e-08,0.10739
3.42196e-08,0.108379
3.43513e-08,0.109316
3.44835e-08,0.11021
3.46162e-08,0.111067
3.47493e-08,0.111896
3.4883e-08,0.112703
3.50173e-08,0.113499
3.5152e-08,0.114291
3.52873e-08,0.115088
3.5423e-08,0.1159
3.55593e-08,0.116736
3.56961e-08,0.117605
3.58335e-08,0.118518
3.59714e-08,0.119484
3.61098e-08,0.120514
3.62487e-08,0.121604
3.63882e-08,0.122749
3.65282e-08,0.123939
3.66687e-08,0.125168
3.68098e-08,0.126428
3.69514e-08,0.127708
3.70936e-08,0.129002
3.72363e-08,0.1303
3.73796e-08,0.131592
3.75234e-08,0.132868
3.76678e-08,0.134118
3.78128e-08,0.135331
3.79582e-08,0.136496
3.81043e-08,0.137605
3.82509e-08,0.13867
3.83981e-08,0.13972
3.85458e-08,0.140782
3.86941e-08,0.141886
3.8843e-08,0.143061
3.89925e-08,0.144338
3.91425e-08,0.145744
3.92931e-08,0.147275
3.94443e-08,0.14892
3.95961e-08,0.150666
3.97484e-08,0.152501
3.99013e-08,0.15441
4.00549e-08,0.156381
4.0209e-08,0.158398
4.03637e-08,0.160446
4.0519e-08,0.162508
4.06749e-08,0.164568
4.08314e-08,0.166606
4.09885e-08,0.168605
4.11462e-08,0.170547
4.13045e-08,0.172433
4.14635e-08,0.17427
4.1623e-08,0.176064
4.17832e-08,0.177821
4.19439e-08,0.17955
4.21053e-08,0.181257
4.22673e-08,0.182951
4.24299e-08,0.184641
4.25932e-08,0.186333
4.27571e-08,0.188039
4.29216e-08,0.189766
4.30867e-08,0.191526
4.32525e-08,0.193326
4.34189e-08,0.195179
4.3586e-08,0.197094
4.37537e-08,0.199084
4.39221e-08,0.201158
4.40911e-08,0.203331
4.42607e-08,0.205605
4.4431e-08,0.207978
4.4602e-08,0.210448
4.47736e-08,0.213013
4.49458e-08,0.215668
4.51188e-08,0.218411
4.52924e-08,0.221239
4.54666e-08,0.224148
4.56416e-08,0.227134
4.58172e-08,0.230194
4.59935e-08,0.233323
4.61705e-08,0.236515
4.63481e-08,0.239755
4.65264e-08,0.243027
4.67054e-08,0.246312
4.68852e-08,0.249591
4.70656e-08,0.252844
4.72466e-08,0.25605
4.74284e-08,0.259186
4.76109e-08,0.26223
4.77941e-08,0.265159
4.7978e-08,0.267946
4.81626e-08,0.270579
4.83479e-08,0.273107
4.85339e-08,0.275606
4.87207e-08,0.278154
4.89081e-08,0.280834
4.90963e-08,0.283725
4.92852e-08,0.286862
4.94749e-08,0.290224
4.96652e-08,0.29379
4.98563e-08,0.297537
5.00481e-08,0.301441
5.02407e-08,0.305477
5.0434e-08,0.309618
5.06281e-08,0.313836
5.08229e-08,0.318101
5.10184e-08,0.322383
5.12147e-08,0.326654
5.14118e-08,0.330914
5.16096e-08,0.335166
5.18082e-08,0.339411
5.20075e-08,0.343654
5.22076e-08,0.347897
5.24085e-08,0.352143
5.26101e-08,0.356397
5.28126e-08,0.360662
5.30158e-08,0.364942
5.32198e-08,0.369242
5.34245e-08,0.373566
5.36301e-08,0.377919
5.38364e-08,0.382306
5.40436e-08,0.386732
5.42515e-08,0.391202
5.44603e-08,0.395723
5.46698e-08,0.4003
5.48802e-08,0.404939
5.50913e-08,0.409647
5.53033e-08,0.414417
5.55161e-08,0.419228
5.57297e-08,0.424056
5.59441e-08,0.428877
5.61594e-08,0.433666
5.63754e-08,0.438395
5.65924e-08,0.443038
5.68101e-08,0.447564
5.70287e-08,0.451946
5.72481e-08,0.456152
5.74684e-08,0.460152
5.76895e-08,0.463912
5.79115e-08,0.467402
5.81343e-08,0.470593
5.8358e-08,0.473533
5.85825e-08,0.476332
5.88079e-08,0.4791
5.90342e-08,0.481953
5.92613e-08,0.48501
5.94893e-08,0.488391
5.97182e-08,0.492222
5.9948e-08,0.496631
6.01787e-08,0.501739
6.04102e-08,0.507541
6.06427e-08,0.513968
6.0876e-08,0.520953
6.11102e-08,0.528422
6.13454e-08,0.5363
6.15814e-08,0.544505
6.18183e-08,0.552951
6.20562e-08,0.561548
6.2295e-08,0.570198
6.25346e-08,0.578798
6.27753e-08,0.587238
6.30168e-08,0.595403
6.32593e-08,0.603172
6.35027e-08,0.610419
6.3747e-08,0.617026
6.39923e-08,0.622989
6.42385e-08,0.628382
6.44857e-08,0.633283
6.47338e-08,0.637777
6.49828e-08,0.641949
6.52329e-08,0.645892
6.54839e-08,0.649693
6.57358e-08,0.653431
6.59888e-08,0.657178
6.62427e-08,0.661008
6.64975e-08,0.664999
6.67534e-08,0.669227
6.70102e-08,0.673775
6.72681e-08,0.6787
6.75269e-08,0.683963
6.77867e-08,0.689502
6.80475e-08,0.69525
6.83094e-08,0.70114
6.85722e-08,0.707101
6.8836e-08,0.71306
6.91009e-08,0.718943
6.93668e-08,0.724672
6.96337e-08,0.730167
6.99016e-08,0.735347
7.01705e-08,0.740148
7.04405e-08,0.744556
7.07116e-08,0.748561
7.09836e-08,0.752155
7.12568e-08,0.755331
7.15309e-08,0.758082
7.18061e-08,0.760403
7.20824e-08,0.762287
7.23598e-08,0.763731
7.26382e-08,0.76473
7.29177e-08,0.765282
7.31982e-08,0.765385
7.34799e-08,0.765036
7.37626e-08,0.764235
7.40464e-08,0.762982
7.43313e-08,0.761279
7.46173e-08,0.759127
7.49044e-08,0.756528
7.51926e-08,0.753486
7.54819e-08,0.750025
7.57724e-08,0.746213
7.60639e-08,0.742123
7.63566e-08,0.737829
7.66504e-08,0.733403
7.69453e-08,0.728915
7.72414e-08,0.724432
7.75386e-08,0.720022
7.78369e-08,0.71575
7.81364e-08,0.71168
7.8437e-08,0.707873
7.87388e-08,0.704391
7.90418e-08,0.701294
7.93459e-08,0.698642
7.96512e-08,0.696494
7.99577e-08,0.69491
8.02653e-08,0.69395
8.05742e-08,0.693675
8.08842e-08,0.69415
8.11954e-08,0.695439
8.15078e-08,0.697604
8.18214e-08,0.700622
8.21362e-08,0.704416
8.24523e-08,0.708906
8.27695e-08,0.714014
8.3088e-08,0.719662
8.34077e-08,0.725768
8.37286e-08,0.732251
8.40508e-08,0.739024
8.43742e-08,0.745999
8.46988e-08,0.753084
8.50247e-08,0.760184
8.53518e-08,0.7672
8.56802e-08,0.774029
8.60099e-08,0.780566
8.63408e-08,0.786701
8.6673e-08,0.792323
8.70065e-08,0.797318
8.73413e-08,0.801571
8.76774e-08,0.804967
8.80147e-08,0.807392
8.83534e-08,0.808733
8.86933e-08,0.808885
8.90346e-08,0.807847
8.93771e-08,0.805759
8.9721e-08,0.802776
9.00663e-08,0.799051
9.04128e-08,0.794738
9.07607e-08,0.789989
9.11099e-08,0.784953
9.14604e-08,0.779778
9.18124e-08,0.774606
9.21656e-08,0.769576
9.25202e-08,0.764824
9.28762e-08,0.760483
9.32336e-08,0.756682
9.35923e-08,0.753548
9.39524e-08,0.751181
9.43139e-08,0.749579
9.46768e-08,0.748724
9.50411e-08,0.7486
9.54068e-08,0.749194
9.57739e-08,0.750493
9.61424e-08,0.752487
9.65123e-08,0.755168
9.68836e-08,0.758531
9.72564e-08,0.762569
9.76306e-08,0.767267
9.80063e-08,0.77256
9.83833e-08,0.778371
9.87619e-08,0.784623
9.91419e-08,0.791238
9.95234e-08,0.798133
9.99063e-08,0.805224
1.00291e-07,0.812423
1.00677e-07,0.819641
1.01064e-07,0.826782
1.01453e-07,0.83375
1.01843e-07,0.840445
1.02235e-07,0.846764
1.02628e-07,0.852601
1.03023e-07,0.857849
1.0342e-07,0.8624
1.03818e-07,0.866144
1.04217e-07,0.868972
1.04618e-07,0.870778
1.05021e-07,0.871457
1.05425e-07,0.870908
1.0583e-07,0.869035
1.06237e-07,0.865749
1.06646e-07,0.86097
1.07057e-07,0.854627
1.07468e-07,0.846727
1.07882e-07,0.837378
1.08297e-07,0.826697
1.08714e-07,0.814804
1.09132e-07,0.801652
1.09552e-07,0.785938
1.09973e-07,0.765927
1.10397e-07,0.740129
1.10821e-07,0.707439
1.11248e-07,0.669509
1.11676e-07,0.631756
1.12106e-07,0.598926
1.12537e-07,0.574823
1.1297e-07,0.562513
1.13405e-07,0.561625
1.13841e-07,0.569795
1.14279e-07,0.585883
1.14719e-07,0.610436
1.1516e-07,0.644491
1.15603e-07,0.689533
1.16048e-07,0.747564
1.16494e-07,0.819337
1.16943e-07,0.902322
1.17393e-07,0.991225
1.17844e-07,1.07244
1.18298e-07,1.12644
1.18753e-07,1.14264
1.1921e-07,1.1233
1.19668e-07,1.06806
1.20129e-07,0.9813
1.20591e-07,0.888299
1.21055e-07,0.800985
1.21521e-07,0.709068
1.21988e-07,0.610384
1.22458e-07,0.517921
1.22929e-07,0.441287
1.23402e-07,0.381638
1.23877e-07,0.333868
1.24353e-07,0.294035
1.24832e-07,0.259658
1.25312e-07,0.229119
1.25794e-07,0.201745
1.26278e-07,0.177819
1.26764e-07,0.157387
1.27252e-07,0.139099
1.27742e-07,0.121108
1.28233e-07,0.102909
1.28726e-07,0.0867397
1.29222e-07,0.074374
1.29719e-07,0.065736
1.30218e-07,0.0592711
1.30719e-07,0.0538154
1.31222e-07,0.0488764
1.31727e-07,0.044438
1.32234e-07,0.040494
1.32743e-07,0.0370279
1.33253e-07,0.0340164
1.33766e-07,0.0314246
1.34281e-07,0.0291787
1.34797e-07,0.0272061
1.35316e-07,0.0254484
1.35837e-07,0.0238583
1.36359e-07,0.0223972
1.36884e-07,0.0210335
1.37411e-07,0.0197416
1.37939e-07,0.0185013
1.3847e-07,0.017315
1.39003e-07,0.0162163
1.39538e-07,0.0152324
1.40075e-07,0.0143569
1.40614e-07,0.0135555
1.41155e-07,0.0127983
1.41698e-07,0.0120577
1.42243e-07,0.011308
1.4279e-07,0.0105305
1.4334e-07,0.00971361
1.43891e-07,0.00885347
1.44445e-07,0.00795408
1.45001e-07,0.00703333
1.45559e-07,0.00611857
1.46119e-07,0.00523482
1.46681e-07,0.00439974
1.47245e-07,0.00362486
1.47812e-07,0.00292099
1.4838e-07,0.00229646
1.48951e-07,0.00175642
1.49524e-07,0.00130314
1.501e-07,0.000937126
1.50677e-07,0.00065561
1.51257e-07,0.0004481
1.51839e-07,0.000300489
1.52423e-07,0.00019854
1.5301e-07,0.0001298
1.53598e-07,8.44066e-05
1.54189e-07,5.51006e-05
1.54783e-07,2.93033e-05
1.55378e-07,8.87433e-06
1.55976e-07,2.10754e-06
1.56576e-07,5.35749e-07
1.57179e-07,1.69996e-07
1.57783e-07,8.31532e-08
1.58391e-07,7.01033e-08
1.59e-07,7e-08
3.636e-06,7e-08
3.64998e-06,7.00477e-08
3.66402e-06,7.95381e-08
3.67812e-06,1.49675e-07
3.69226e-06,4.39428e-07
3.70646e-06,1.54688e-06
3.72072e-06,5.50399e-06
3.73503e-06,1.66904e-05
3.7494e-06,3.27504e-05
3.76382e-06,3.83984e-05
3.7783e-06,3.97792e-05
3.79283e-06,4.16614e-05
3.80742e-06,4.39037e-05
3.82206e-06,4.62659e-05
3.83676e-06,4.84523e-05
3.85152e-06,5.01191e-05
3.86633e-06,5.11057e-05
3.8812e-06,5.15658e-05
3.89613e-06,5.1703e-05
3.91112e-06,5.17329e-05
3.92616e-06,5.18735e-05
3.94126e-06,5.22909e-05
3.95642e-06,5.30591e-05
3.97164e-06,5.42513e-05
3.98691e-06,5.59554e-05
4.00225e-06,5.82797e-05
4.01764e-06,6.13075e-05
4.03309e-06,6.49986e-05
4.04861e-06,6.92787e-05
4.06418e-06,7.4048e-05
4.07981e-06,7.91691e-05
4.0955e-06,8.44717e-05
4.11125e-06,8.98251e-05
4.12707e-06,9.51039e-05
4.14294e-06,0.000100161
4.15888e-06,0.000104828
4.17487e-06,0.000108935
4.19093e-06,0.000112584
4.20705e-06,0.000116206
4.22323e-06,0.000120306
4.23947e-06,0.000125464
4.25578e-06,0.000132373
4.27215e-06,0.000141687
4.28858e-06,0.000153473
4.30507e-06,0.000167621
4.32163e-06,0.000183924
4.33825e-06,0.000202018
4.35494e-06,0.000221302
4.37169e-06,0.000240599
4.38851e-06,0.000257936
4.40539e-06,0.000270993
4.42233e-06,0.000279198
4.43934e-06,0.000283937
4.45641e-06,0.000286751
4.47355e-06,0.000287327
4.49076e-06,0.000284324
4.50803e-06,0.000276912
4.52537e-06,0.000267002
4.54278e-06,0.000257414
4.56025e-06,0.000250347
4.57779e-06,0.000246264
4.5954e-06,0.000245121
4.61307e-06,0.000246975
4.63082e-06,0.000251994
4.64863e-06,0.000260472
4.66651e-06,0.000272931
4.68445e-06,0.000290557
4.70247e-06,0.000315147
4.72056e-06,0.000349233
4.73872e-06,0.000396513
4.75694e-06,0.000462548
4.77524e-06,0.000555512
4.79361e-06,0.000683191
4.81204e-06,0.00085231
4.83055e-06,0.00106841
4.84913e-06,0.00133303
4.86778e-06,0.00163975
4.8865e-06,0.00197029
4.9053e-06,0.00230586
4.92417e-06,0.00263969
4.94311e-06,0.00296979
4.96212e-06,0.00329899
4.9812e-06,0.00363541
5.00036e-06,0.00399277
5.01959e-06,0.004379
5.0389e-06,0.00475493
5.05828e-06,0.00505588
5.07774e-06,0.00521541
5.09727e-06,0.00524639
5.11687e-06,0.0052111
5.13655e-06,0.00517433
5.15631e-06,0.00516905
5.17614e-06,0.00519168
5.19605e-06,0.00523691
5.21604e-06,0.00529961
5.2361e-06,0.00537455
5.25624e-06,0.00545634
5.27646e-06,0.00553915
5.29675e-06,0.00561563
5.31712e-06,0.00567724
5.33757e-06,0.00571524
5.3581e-06,0.00572621
5.37871e-06,0.00571822
5.3994e-06,0.00570098
5.42017e-06,0.0056835
5.44101e-06,0.00566895
5.46194e-06,0.00565729
5.48295e-06,0.00564848
5.50404e-06,0.00564247
5.52521e-06,0.00563921
5.54646e-06,0.00563868
5.56779e-06,0.00564083
5.58921e-06,0.00564564
5.61071e-06,0.00565308
5.63229e-06,0.00566313
5.65395e-06,0.00567577
5.6757e-06,0.00569098
5.69753e-06,0.00570875
5.71944e-06,0.00572907
5.74144e-06,0.00575193
5.76352e-06,0.00577734
5.78569e-06,0.00580528
5.80794e-06,0.00583577
5.83028e-06,0.00586879
5.85271e-06,0.00590438
5.87522e-06,0.00594252
5.89781e-06,0.0059832
5.9205e-06,0.00602606
5.94327e-06,0.00607053
5.96613e-06,0.00611601
5.98908e-06,0.0061619
6.01211e-06,0.00620755
6.03524e-06,0.00625234
6.05845e-06,0.00629559
6.08175e-06,0.00633662
6.10514e-06,0.00637473
6.12863e-06,0.00640921
6.1522e-06,0.00643935
6.17586e-06,0.00646461
6.19961e-06,0.00648545
6.22346e-06,0.00650261
6.2474e-06,0.00651688
6.27143e-06,0.00652905
6.29555e-06,0.00653992
6.31976e-06,0.00655029
6.34407e-06,0.00656098
6.36847e-06,0.0065728
6.39296e-06,0.00658657
6.41755e-06,0.00660312
6.44224e-06,0.0066233
6.46701e-06,0.00664796
6.49189e-06,0.00667799
6.51686e-06,0.00671428
6.54192e-06,0.00675777
6.56709e-06,0.00680945
6.59234e-06,0.00687034
6.6177e-06,0.00694156
6.64315e-06,0.00702427
6.6687e-06,0.00711976
6.69435e-06,0.00722902
6.7201e-06,0.00735184
6.74595e-06,0.00748777
6.7719e-06,0.00763633
6.79794e-06,0.00779706
6.82409e-06,0.00796942
6.85034e-06,0.00815285
6.87668e-06,0.00834672
6.90313e-06,0.00855034
6.92968e-06,0.0087629
6.95634e-06,0.00898354
6.98309e-06,0.00921124
7.00995e-06,0.00944489
7.03691e-06,0.00968324
7.06398e-06,0.0099249
7.09115e-06,0.0101684
7.11842e-06,0.0104119
7.1458e-06,0.0106538
7.17329e-06,0.0108949
7.20088e-06,0.0111456
7.22857e-06,0.0114187
7.25638e-06,0.0117282
7.28429e-06,0.0120899
7.3123e-06,0.0125218
7.34043e-06,0.0130448
7.36866e-06,0.0136838
7.397e-06,0.0144693
7.42545e-06,0.015438
7.45402e-06,0.0166168
7.48268e-06,0.0180248
7.51147e-06,0.0196837
7.54036e-06,0.0216176
7.56936e-06,0.0238518
7.59847e-06,0.0264114
7.6277e-06,0.0293204
7.65704e-06,0.0325988
7.68649e-06,0.0362608
7.71605e-06,0.0404369
7.74573e-06,0.0463141
7.77552e-06,0.0560878
7.80543e-06,0.071371
7.83545e-06,0.0932981
7.86559e-06,0.122536
7.89584e-06,0.158401
7.92621e-06,0.200197
7.95669e-06,0.247641
7.9873e-06,0.300155
8.01802e-06,0.356825
8.04886e-06,0.415435
8.07982e-06,0.472109
8.11089e-06,0.523781
8.14209e-06,0.569562
8.17341e-06,0.609529
8.20484e-06,0.644557
8.2364e-06,0.676228
8.26808e-06,0.706708
8.29988e-06,0.737856
8.3318e-06,0.769342
8.36385e-06,0.800464
8.39602e-06,0.831244
8.42831e-06,0.861969
8.46073e-06,0.892979
8.49327e-06,0.924673
8.52594e-06,0.95751
8.55873e-06,0.992017
8.59165e-06,1.0289
8.6247e-06,1.06911
8.65787e-06,1.11377
8.69117e-06,1.16418
8.7246e-06,1.22186
8.75816e-06,1.28862
8.79184e-06,1.36664
8.82566e-06,1.45823
8.8596e-06,1.56601
8.89368e-06,1.69318
8.92789e-06,1.84373
8.96223e-06,2.0189
8.9967e-06,2.20168
9.0313e-06,2.36429
9.06604e-06,2.4915
9.10091e-06,2.58153
9.13591e-06,2.63025
9.17105e-06,2.62654
9.20632e-06,2.565
9.24173e-06,2.46299
9.27728e-06,2.34381
9.31296e-06,2.22772
9.34878e-06,2.12384
9.38474e-06,2.02754
9.42084e-06,1.93384
9.45707e-06,1.83864
9.49345e-06,1.73866
9.52996e-06,1.63154
9.56661e-06,1.5174
9.60341e-06,1.40043
9.64035e-06,1.28467
9.67743e-06,1.17325
9.71465e-06,1.06847
9.75201e-06,0.971888
9.78952e-06,0.884144
9.82717e-06,0.804163
9.86497e-06,0.730624
9.90292e-06,0.662502
9.941e-06,0.599015
9.97924e-06,0.539586
1.00176e-05,0.48382
1.00562e-05,0.431846
1.00948e-05,0.384109
1.01337e-05,0.340834
1.01726e-05,0.302049
1.02118e-05,0.267632
1.0251e-05,0.237361
1.02905e-05,0.210907
1.033e-05,0.187644
1.03698e-05,0.166946
1.04097e-05,0.148338
1.04497e-05,0.13146
1.04899e-05,0.116048
1.05302e-05,0.10191
1.05707e-05,0.0890079
1.06114e-05,0.0776218
1.06522e-05,0.0679267
1.06932e-05,0.0599456
1.07343e-05,0.0536155
1.07756e-05,0.0488427
1.0817e-05,0.0455448
1.08587e-05,0.0435994
1.09004e-05,0.0427617
1.09423e-05,0.0428521
1.09844e-05,0.0437563
1.10267e-05,0.0454015
1.10691e-05,0.0477389
1.11117e-05,0.050729
1.11544e-05,0.0543309
1.11973e-05,0.0584965
1.12404e-05,0.063154
1.12836e-05,0.0681959
1.1327e-05,0.0734679
1.13706e-05,0.0787631
1.14143e-05,0.083962
1.14582e-05,0.0892296
1.15023e-05,0.0948216
1.15465e-05,0.101061
1.15909e-05,0.108354
1.16355e-05,0.117218
1.16803e-05,0.128112
1.17252e-05,0.14096
1.17703e-05,0.155465
1.18156e-05,0.171302
1.1861e-05,0.18836
1.19066e-05,0.206507
1.19524e-05,0.225535
1.19984e-05,0.245159
1.20445e-05,0.265005
1.20909e-05,0.284542
1.21374e-05,0.302712
1.21841e-05,0.318125
1.22309e-05,0.329376
1.2278e-05,0.336472
1.23252e-05,0.340559
1.23726e-05,0.342938
1.24202e-05,0.344028
1.2468e-05,0.343246
1.25159e-05,0.339997
1.2564e-05,0.334064
1.26124e-05,0.325787
1.26609e-05,0.315576
1.27096e-05,0.30385
1.27585e-05,0.291016
1.28075e-05,0.277457
1.28568e-05,0.26353
1.29062e-05,0.249624
1.29559e-05,0.236104
1.30057e-05,0.223268
1.30557e-05,0.211469
1.3106e-05,0.201171
1.31564e-05,0.192762
1.3207e-05,0.186434
1.32578e-05,0.18171
1.33088e-05,0.177986
1.33599e-05,0.174739
1.34113e-05,0.171743
1.34629e-05,0.168993
1.35147e-05,0.16649
1.35667e-05,0.164233
1.36189e-05,0.162225
1.36712e-05,0.160467
1.37238e-05,0.158961
1.37766e-05,0.15771
1.38296e-05,0.156718
1.38828e-05,0.155974
1.39362e-05,0.155459
1.39898e-05,0.155161
1.40436e-05,0.155062
1.40976e-05,0.15515
1.41518e-05,0.155413
1.42063e-05,0.155836
1.42609e-05,0.156409
1.43158e-05,0.157118
1.43708e-05,0.157954
1.44261e-05,0.158903
1.44816e-05,0.159955
1.45373e-05,0.161096
1.45932e-05,0.162316
1.46493e-05,0.163602
1.47057e-05,0.16494
1.47622e-05,0.166319
1.4819e-05,0.167723
1.4876e-05,0.169144
1.49332e-05,0.170583
1.49907e-05,0.172042
1.50483e-05,0.173524
1.51062e-05,0.175031
1.51643e-05,0.176568
1.52226e-05,0.178137
1.52812e-05,0.179741
1.53399e-05,0.181383
1.53989e-05,0.183067
1.54582e-05,0.184797
1.55176e-05,0.186576
1.55773e-05,0.188408
1.56372e-05,0.190297
1.56974e-05,0.192247
1.57578e-05,0.194262
1.58184e-05,0.196347
1.58792e-05,0.198506
1.59403e-05,0.200744
1.60016e-05,0.203067
1.60631e-05,0.205479
1.61249e-05,0.207978
1.61869e-05,0.210565
1.62492e-05,0.213237
1.63117e-05,0.215994
1.63744e-05,0.218834
1.64374e-05,0.221755
1.65006e-05,0.224755
1.65641e-05,0.227834
1.66278e-05,0.230988
1.66918e-05,0.234215
1.6756e-05,0.237514
1.68204e-05,0.240882
1.68851e-05,0.244316
1.69501e-05,0.247812
1.70152e-05,0.251369
1.70807e-05,0.254982
1.71464e-05,0.258649
1.72123e-05,0.262364
1.72785e-05,0.266124
1.7345e-05,0.269925
1.74117e-05,0.273762
1.74787e-05,0.277631
1.75459e-05,0.281525
1.76134e-05,0.285439
1.76811e-05,0.289369
1.77491e-05,0.293307
1.78174e-05,0.297247
1.78859e-05,0.301183
1.79547e-05,0.30512
1.80238e-05,0.30908
1.80931e-05,0.313089
1.81627e-05,0.317172
1.82326e-05,0.321357
1.83027e-05,0.325672
1.83731e-05,0.330147
1.84438e-05,0.334815
1.85147e-05,0.339709
1.85859e-05,0.344866
1.86574e-05,0.350321
1.87292e-05,0.356117
1.88012e-05,0.362296
1.88735e-05,0.368905
1.89461e-05,0.375992
1.9019e-05,0.383632
1.90921e-05,0.392136
1.91656e-05,0.401996
1.92393e-05,0.413762
1.93133e-05,0.428058
1.93876e-05,0.445614
1.94621e-05,0.467304
1.9537e-05,0.494201
1.96121e-05,0.527658
1.96876e-05,0.569035
1.97633e-05,0.618589
1.98393e-05,0.67614
1.99156e-05,0.741208
1.99922e-05,0.812845
2.00691e-05,0.889735
2.01463e-05,0.971396
2.02238e-05,1.05765
2.03016e-05,1.14822
2.03796e-05,1.24271
2.0458e-05,1.34066
2.05367e-05,1.44218
2.06157e-05,1.54798
2.0695e-05,1.65904
2.07746e-05,1.77662
2.08545e-05,1.90223
2.09347e-05,2.03335
2.10152e-05,2.15884
2.10961e-05,2.26473
2.11772e-05,2.34386
2.12587e-05,2.39692
2.13404e-05,2.42589
2.14225e-05,2.43235
2.15049e-05,2.4178
2.15876e-05,2.38428
2.16706e-05,2.33419
2.1754e-05,2.27017
2.18377e-05,2.19497
2.19217e-05,2.11128
2.2006e-05,2.02168
2.20906e-05,1.92856
2.21756e-05,1.83402
2.22609e-05,1.73993
2.23465e-05,1.64784
2.24324e-05,1.55904
2.25187e-05,1.47455
2.26053e-05,1.39516
2.26923e-05,1.32146
2.27796e-05,1.25381
2.28672e-05,1.19191
2.29551e-05,1.13495
2.30434e-05,1.08225
2.31321e-05,1.03321
2.3221e-05,0.987302
2.33103e-05,0.944064
2.34e-05,0.9031
2.349e-05,0.864061
2.35803e-05,0.826644
2.3671e-05,0.790586
2.37621e-05,0.755664
2.38535e-05,0.72169
2.39452e-05,0.688628
2.40373e-05,0.656572
2.41298e-05,0.625599
2.42226e-05,0.595774
2.43158e-05,0.567142
2.44093e-05,0.539737
2.45032e-05,0.513577
2.45974e-05,0.488671
2.4692e-05,0.465018
2.4787e-05,0.442608
2.48823e-05,0.421424
2.4978e-05,0.401443
2.50741e-05,0.382634
2.51705e-05,0.364946
2.52674e-05,0.348317
2.53645e-05,0.33269
2.54621e-05,0.318011
2.556e-05,0.304228
2.56583e-05,0.291291
2.5757e-05,0.279154
2.58561e-05,0.267773
2.59556e-05,0.257107
2.60554e-05,0.247117
2.61556e-05,0.237765
2.62562e-05,0.229018
2.63572e-05,0.220844
2.64586e-05,0.213212
2.65603e-05,0.206095
2.66625e-05,0.199465
2.6765e-05,0.193296
2.6868e-05,0.187551
2.69713e-05,0.18219
2.70751e-05,0.177179
2.71792e-05,0.172487
2.72837e-05,0.168084
2.73887e-05,0.163944
2.7494e-05,0.160043
2.75998e-05,0.156358
2.77059e-05,0.152869
2.78125e-05,0.149557
2.79195e-05,0.146405
2.80268e-05,0.143396
2.81346e-05,0.140514
2.82429e-05,0.137747
2.83515e-05,0.13508
2.84605e-05,0.132502
2.857e-05,0.130001
2.857e-05,0.13
3.077e-05,0.092
3.333e-05,0.067
3.636e-05,0.056
4e-05,0.046
0.0001,0.0159
0.000125,0.0119
0.0001667,0.00862
0.00025,0.00696
0.0005,0.00796
