6.199e-10,0.99993
6.351e-10,0.99992
6.508e-10,0.99992
6.665e-10,0.99991
6.831e-10,0.99991
6.997e-10,0.99991
7.166e-10,0.9999
7.345e-10,0.9999
7.523e-10,0.99989
7.705e-10,0.99989
7.897e-10,0.99988
8.087e-10,0.99987
8.287e-10,0.99987
8.492e-10,0.99986
8.694e-10,0.99985
8.906e-10,0.99985
9.129e-10,0.99984
9.35e-10,0.99983
9.581e-10,0.99982
9.816e-10,0.99981
1.005e-09,0.99981
1.03e-09,0.9998
1.055e-09,0.99979
1.081e-09,0.99978
1.108e-09,0.99976
1.134e-09,0.99975
1.162e-09,0.99974
1.191e-09,0.99973
1.22e-09,0.99971
1.25e-09,0.9997
1.281e-09,0.99968
1.312e-09,0.99967
1.343e-09,0.99965
1.376e-09,0.99964
1.41e-09,0.99962
1.445e-09,0.9996
1.479e-09,0.99958
1.516e-09,0.99956
1.554e-09,0.99954
1.592e-09,0.99951
1.631e-09,0.99949
1.671e-09,0.99946
1.71e-09,0.99944
1.754e-09,0.99941
1.797e-09,0.99938
1.839e-09,0.99935
1.884e-09,0.99932
1.931e-09,0.99928
1.977e-09,0.99925
2.026e-09,0.99921
2.077e-09,0.99917
2.127e-09,0.99913
2.179e-09,0.99909
2.234e-09,0.99904
2.287e-09,0.99899
2.344e-09,0.99894
2.403e-09,0.99889
2.46e-09,0.99884
2.52e-09,0.99878
2.583e-09,0.99872
2.643e-09,0.99866
2.707e-09,0.99859
2.774e-09,0.99852
2.844e-09,0.99845
2.91e-09,0.99837
2.987e-09,0.99828
3.054e-09,0.99821
3.131e-09,0.99812
3.212e-09,0.99802
3.289e-09,0.99792
3.369e-09,0.99782
3.453e-09,0.99771
3.532e-09,0.9976
3.625e-09,0.99747
3.712e-09,0.99735
3.803e-09,0.99722
3.899e-09,0.99708
3.986e-09,0.99695
4.092e-09,0.99678
4.188e-09,0.99663
4.29e-09,0.99646
4.396e-09,0.99629
4.508e-09,0.99609
4.609e-09,0.99592
4.732e-09,0.9957
4.843e-09,0.99549
4.959e-09,0.99527
5.081e-09,0.99504
5.209e-09,0.99478
5.344e-09,0.99451
5.462e-09,0.99427
5.61e-09,0.99395
5.74e-09,0.99367
5.876e-09,0.99336
6.018e-09,0.99304
6.168e-09,0.99269
6.325e-09,0.99231
6.491e-09,0.9919
6.63e-09,0.99155
6.812e-09,0.99108
6.965e-09,0.99068
7.125e-09,0.99024
7.293e-09,0.9898
7.469e-09,0.9893
7.653e-09,0.9887
7.847e-09,0.9882
8.051e-09,0.9875
8.2e-09,0.9871
8.4e-09,0.9865
8.6e-09,0.986
8.8e-09,0.9855
9e-09,0.9853
9.2e-09,0.9854
9.4e-09,0.9858
9.6e-09,0.9868
9.8e-09,0.9872
1e-08,0.9874
1.02e-08,0.9865
1.04e-08,0.9851
1.06e-08,0.9841
1.08e-08,0.9848
1.1e-08,0.9844
1.12e-08,0.9822
1.14e-08,0.9828
1.16e-08,0.9867
1.18e-08,0.9858
1.2e-08,0.9839
1.22e-08,0.9823
1.24e-08,0.9813
1.26e-08,0.9803
1.28e-08,0.9794
1.3e-08,0.9789
1.32e-08,0.9778
1.34e-08,0.977
1.36e-08,0.9761
1.38e-08,0.9747
1.5e-08,0.9634
1.6e-08,0.9608
1.7e-08,0.9562
1.8e-08,0.9509
1.9e-08,0.9458
2e-08,0.9416
2.1e-08,0.9386
2.2e-08,0.9328
2.3e-08,0.9271
2.4e-08,0.9222
2.5e-08,0.9164
2.6e-08,0.9105
2.7e-08,0.9207
2.8e-08,0.9175
2.9e-08,0.9137
3e-08,0.913
3.1e-08,0.907
3.2e-08,0.901
3.3e-08,0.895
3.4e-08,0.888
3.5e-08,0.882
3.6e-08,0.877
3.7e-08,0.87
3.8e-08,0.866
3.9e-08,0.858
4e-08,0.851
4.1e-08,0.845
4.2e-08,0.839
4.3e-08,0.833
4.4e-08,0.827
4.5e-08,0.822
4.6e-08,0.817
4.7e-08,0.813
4.8e-08,0.808
4.9e-08,0.804
5e-08,0.803
5.1e-08,0.804
5.2e-08,0.806
5.3e-08,0.810271
5.32536e-08,0.81148
5.35084e-08,0.812808
5.37645e-08,0.814244
5.40217e-08,0.81578
5.42802e-08,0.817407
5.45399e-08,0.819114
5.48009e-08,0.820891
5.50631e-08,0.822728
5.53266e-08,0.824614
5.55914e-08,0.82654
5.58574e-08,0.828492
5.61246e-08,0.830457
5.63932e-08,0.832425
5.6663e-08,0.834382
5.69342e-08,0.836317
5.72066e-08,0.838218
5.74803e-08,0.840085
5.77554e-08,0.841922
5.80317e-08,0.843733
5.83094e-08,0.845528
5.85884e-08,0.847313
5.88688e-08,0.849094
5.91505e-08,0.850878
5.94335e-08,0.852671
5.97179e-08,0.854481
6.00036e-08,0.856317
6.02907e-08,0.858184
6.05792e-08,0.86009
6.08691e-08,0.862042
6.11604e-08,0.864052
6.1453e-08,0.86613
6.17471e-08,0.86828
6.20425e-08,0.87051
6.23394e-08,0.872828
6.26377e-08,0.875255
6.29374e-08,0.877792
6.32386e-08,0.880447
6.35412e-08,0.883228
6.38452e-08,0.886158
6.41507e-08,0.889237
6.44577e-08,0.892465
6.47661e-08,0.895847
6.5076e-08,0.899412
6.53874e-08,0.903145
6.57003e-08,0.90705
6.60146e-08,0.911146
6.63305e-08,0.915445
6.66479e-08,0.919934
6.69668e-08,0.924628
6.72873e-08,0.929555
6.76092e-08,0.934689
6.79327e-08,0.940042
6.82578e-08,0.94564
6.85844e-08,0.951457
6.89126e-08,0.957507
6.92423e-08,0.96381
6.95737e-08,0.970341
6.99066e-08,0.977131
7.02411e-08,0.984246
7.05772e-08,0.991841
7.09149e-08,1.00029
7.12542e-08,1.00968
7.15952e-08,1.02036
7.19377e-08,1.0326
7.2282e-08,1.04626
7.26278e-08,1.06105
7.29754e-08,1.0762
7.33245e-08,1.09106
7.36754e-08,1.10505
7.40279e-08,1.11742
7.43822e-08,1.1277
7.47381e-08,1.13607
7.50957e-08,1.14274
7.5455e-08,1.14817
7.58161e-08,1.15258
7.61789e-08,1.15643
7.65434e-08,1.15998
7.69096e-08,1.16336
7.72777e-08,1.16646
7.76474e-08,1.16923
7.8019e-08,1.17156
7.83923e-08,1.17335
7.87674e-08,1.17454
7.91443e-08,1.17503
7.9523e-08,1.17498
7.99035e-08,1.17443
8.02859e-08,1.17355
8.067e-08,1.17245
8.1056e-08,1.17126
8.14439e-08,1.17011
8.18336e-08,1.16914
8.22252e-08,1.16847
8.26186e-08,1.16829
8.30139e-08,1.1687
8.34112e-08,1.16983
8.38103e-08,1.17196
8.42113e-08,1.17511
8.46143e-08,1.17937
8.50191e-08,1.18481
8.5426e-08,1.19127
8.58347e-08,1.1987
8.62454e-08,1.20715
8.66581e-08,1.21648
8.70728e-08,1.22663
8.74894e-08,1.23759
8.79081e-08,1.24928
8.83287e-08,1.26162
8.87514e-08,1.27455
8.9176e-08,1.28791
8.96027e-08,1.30135
9.00315e-08,1.31456
9.04623e-08,1.3272
9.08951e-08,1.3389
9.13301e-08,1.34927
9.17671e-08,1.35797
9.22062e-08,1.36472
9.26474e-08,1.36956
9.30907e-08,1.3727
9.35362e-08,1.37437
9.39837e-08,1.37487
9.44334e-08,1.37447
9.48853e-08,1.37343
9.53393e-08,1.37203
9.57955e-08,1.37054
9.62539e-08,1.36918
9.67145e-08,1.36815
9.71773e-08,1.3677
9.76423e-08,1.36801
9.81095e-08,1.36933
9.85789e-08,1.37188
9.90506e-08,1.3759
9.95246e-08,1.38161
1.00001e-07,1.38906
1.00479e-07,1.39817
1.0096e-07,1.40888
1.01443e-07,1.42113
1.01929e-07,1.43482
1.02416e-07,1.44988
1.02906e-07,1.46623
1.03399e-07,1.48379
1.03894e-07,1.50246
1.04391e-07,1.52216
1.0489e-07,1.5428
1.05392e-07,1.56428
1.05896e-07,1.58649
1.06403e-07,1.60935
1.06912e-07,1.63275
1.07424e-07,1.65645
1.07938e-07,1.67981
1.08454e-07,1.70207
1.08973e-07,1.72245
1.09495e-07,1.74016
1.10019e-07,1.75437
1.10545e-07,1.76418
1.11074e-07,1.76864
1.11606e-07,1.76697
1.1214e-07,1.75827
1.12676e-07,1.74162
1.13215e-07,1.71586
1.13757e-07,1.67996
1.14301e-07,1.63501
1.14848e-07,1.58664
1.15398e-07,1.54184
1.1595e-07,1.50807
1.16505e-07,1.49116
1.17062e-07,1.49425
1.17622e-07,1.52134
1.18185e-07,1.57393
1.18751e-07,1.66289
1.19319e-07,1.79851
1.1989e-07,1.93716
1.20464e-07,2.06021
1.2104e-07,2.16289
1.21619e-07,2.25357
1.22201e-07,2.30964
1.22786e-07,2.3342
1.23373e-07,2.33671
1.23964e-07,2.32575
1.24557e-07,2.31009
1.25153e-07,2.29183
1.25752e-07,2.27153
1.26354e-07,2.24954
1.26958e-07,2.22635
1.27566e-07,2.2024
1.28176e-07,2.17817
1.28789e-07,2.15415
1.29406e-07,2.1308
1.30025e-07,2.10842
1.30647e-07,2.08693
1.31272e-07,2.06637
1.319e-07,2.04669
1.32531e-07,2.02784
1.33166e-07,2.00985
1.33803e-07,1.99263
1.34443e-07,1.9762
1.35086e-07,1.9605
1.35733e-07,1.94551
1.36382e-07,1.93121
1.37035e-07,1.91755
1.3769e-07,1.9045
1.38349e-07,1.89203
1.39011e-07,1.8801
1.39676e-07,1.86867
1.40345e-07,1.85771
1.41016e-07,1.84716
1.41691e-07,1.83702
1.42369e-07,1.82725
1.4305e-07,1.81785
1.43735e-07,1.8088
1.44423e-07,1.8001
1.45114e-07,1.79173
1.45808e-07,1.78369
1.46506e-07,1.77596
1.47207e-07,1.76852
1.47911e-07,1.76136
1.48619e-07,1.75447
1.4933e-07,1.74784
1.50045e-07,1.74144
1.50763e-07,1.73527
1.51484e-07,1.72931
1.52209e-07,1.72354
1.52937e-07,1.71794
1.53669e-07,1.7125
1.54404e-07,1.7072
1.55143e-07,1.70202
1.55885e-07,1.69695
1.56631e-07,1.69198
1.57381e-07,1.68711
1.58134e-07,1.68235
1.58891e-07,1.67769
1.59651e-07,1.67313
1.60415e-07,1.66867
1.61182e-07,1.66432
1.61954e-07,1.66007
1.62729e-07,1.65592
1.63507e-07,1.65186
1.6429e-07,1.64791
1.65076e-07,1.64405
1.65866e-07,1.6403
1.66659e-07,1.63663
1.67457e-07,1.63306
1.68258e-07,1.62959
1.69063e-07,1.62621
1.69872e-07,1.62292
1.70685e-07,1.61972
1.71502e-07,1.61661
1.72322e-07,1.61359
1.73147e-07,1.61066
1.73975e-07,1.60781
1.74808e-07,1.60505
1.75644e-07,1.60236
1.76485e-07,1.59976
1.77329e-07,1.59724
1.78178e-07,1.59479
1.7903e-07,1.59242
1.79887e-07,1.59012
1.80748e-07,1.58789
1.81613e-07,1.58574
1.82482e-07,1.58365
1.83355e-07,1.58162
1.84232e-07,1.57965
1.85114e-07,1.57775
1.85999e-07,1.5759
1.86889e-07,1.57411
1.87784e-07,1.57237
1.88682e-07,1.57068
1.89585e-07,1.56903
1.90492e-07,1.56743
1.91404e-07,1.56587
1.9232e-07,1.56435
1.9324e-07,1.56286
1.94165e-07,1.5614
1.95094e-07,1.55997
1.96027e-07,1.55856
1.96965e-07,1.55717
1.97908e-07,1.55579
1.98855e-07,1.55443
1.99806e-07,1.55308
2.00762e-07,1.55174
2.01723e-07,1.55041
2.02688e-07,1.54909
2.03658e-07,1.54778
2.04632e-07,1.54648
2.05612e-07,1.5452
2.06595e-07,1.54392
2.07584e-07,1.54266
2.08577e-07,1.54142
2.09575e-07,1.54019
2.10578e-07,1.53897
2.11586e-07,1.53776
2.12598e-07,1.53657
2.13615e-07,1.5354
2.14638e-07,1.53424
2.15665e-07,1.5331
2.16697e-07,1.53198
2.17734e-07,1.53087
2.18775e-07,1.52978
2.19822e-07,1.52871
2.20874e-07,1.52765
2.21931e-07,1.52662
2.22993e-07,1.52561
2.2406e-07,1.52461
2.25132e-07,1.52364
2.26209e-07,1.52269
2.27292e-07,1.52175
2.28379e-07,1.52085
2.29472e-07,1.51996
2.3057e-07,1.5191
2.31673e-07,1.51826
2.32782e-07,1.51745
2.33896e-07,1.51666
2.35015e-07,1.5159
2.3614e-07,1.51516
2.37269e-07,1.51446
2.38405e-07,1.51378
2.39546e-07,1.51313
2.40692e-07,1.5125
2.41843e-07,1.51191
2.43001e-07,1.51135
2.44163e-07,1.51082
2.45332e-07,1.51032
2.46506e-07,1.50985
2.47685e-07,1.50942
2.4887e-07,1.50808
2.50061e-07,1.50745
2.51258e-07,1.50681
2.5246e-07,1.50617
2.53668e-07,1.50553
2.54882e-07,1.50488
2.56101e-07,1.5043
2.57327e-07,1.5037
2.58558e-07,1.50311
2.59795e-07,1.50251
2.61039e-07,1.50191
2.62288e-07,1.50134
2.63543e-07,1.50079
2.64804e-07,1.50024
2.66071e-07,1.49968
2.67344e-07,1.49912
2.68623e-07,1.49858
2.69909e-07,1.49806
2.712e-07,1.49754
2.72498e-07,1.49702
2.73802e-07,1.4965
2.75112e-07,1.49598
2.76428e-07,1.4955
2.77751e-07,1.49501
2.7908e-07,1.49452
2.80415e-07,1.49403
2.81757e-07,1.49355
2.83105e-07,1.49309
2.8446e-07,1.49263
2.85821e-07,1.49217
2.87189e-07,1.4917
2.88563e-07,1.49125
2.89944e-07,1.49082
2.91331e-07,1.49039
2.92725e-07,1.48995
2.94126e-07,1.48951
2.95533e-07,1.4891
2.96947e-07,1.48869
2.98368e-07,1.48828
2.99796e-07,1.48786
3.0123e-07,1.48745
3.02672e-07,1.48706
3.0412e-07,1.48667
3.05575e-07,1.48628
3.07037e-07,1.48589
3.08507e-07,1.48551
3.09983e-07,1.48514
3.11466e-07,1.48477
3.12956e-07,1.4844
3.14454e-07,1.48403
3.15959e-07,1.48368
3.1747e-07,1.48333
3.1899e-07,1.48298
3.20516e-07,1.48263
3.2205e-07,1.48229
3.23591e-07,1.48195
3.25139e-07,1.48162
3.26695e-07,1.48128
3.28258e-07,1.48095
3.29829e-07,1.48064
3.31407e-07,1.48032
3.32993e-07,1.48
3.34586e-07,1.47968
3.36187e-07,1.47938
3.37796e-07,1.47907
3.39412e-07,1.47877
3.41036e-07,1.47846
3.42668e-07,1.47817
3.44308e-07,1.47788
3.45955e-07,1.47759
3.47611e-07,1.4773
3.49274e-07,1.47702
3.50945e-07,1.47674
3.52624e-07,1.47646
3.54312e-07,1.47618
3.56007e-07,1.47592
3.57711e-07,1.47565
3.59422e-07,1.47538
3.61142e-07,1.47512
3.6287e-07,1.47486
3.64607e-07,1.47461
3.66351e-07,1.47435
3.68104e-07,1.4741
3.69866e-07,1.47385
3.71635e-07,1.4736
3.73414e-07,1.47336
3.752e-07,1.47312
3.76996e-07,1.47288
3.788e-07,1.47264
3.80612e-07,1.47241
3.82433e-07,1.47218
3.84263e-07,1.47195
3.86102e-07,1.47172
3.8795e-07,1.4715
3.89806e-07,1.47128
3.91671e-07,1.47106
3.93545e-07,1.47084
3.95428e-07,1.47063
3.9732e-07,1.47042
3.99222e-07,1.4702
4.01132e-07,1.47
4.03051e-07,1.46979
4.0498e-07,1.46959
4.06918e-07,1.46938
4.08865e-07,1.46919
4.10821e-07,1.46899
4.12787e-07,1.46879
4.14762e-07,1.4686
4.16747e-07,1.46841
4.18741e-07,1.46821
4.20745e-07,1.46803
4.22758e-07,1.46784
4.24781e-07,1.46766
4.26813e-07,1.46747
4.28856e-07,1.46729
4.30908e-07,1.46711
4.3297e-07,1.46693
4.35041e-07,1.46676
4.37123e-07,1.46659
4.39215e-07,1.46641
4.41316e-07,1.46625
4.43428e-07,1.46608
4.4555e-07,1.46591
4.47682e-07,1.46574
4.49824e-07,1.46558
4.51976e-07,1.46542
4.54139e-07,1.46526
4.56312e-07,1.4651
4.58496e-07,1.46494
4.60689e-07,1.46479
4.62894e-07,1.46463
4.65109e-07,1.46448
4.67334e-07,1.46433
4.69571e-07,1.46418
4.71817e-07,1.46403
4.74075e-07,1.46388
4.76344e-07,1.46374
4.78623e-07,1.46359
4.80913e-07,1.46345
4.83214e-07,1.46331
4.85526e-07,1.46316
4.8785e-07,1.46303
4.90184e-07,1.46289
4.92529e-07,1.46275
4.94886e-07,1.46262
4.97254e-07,1.46248
4.99634e-07,1.46235
5.02024e-07,1.46222
5.04427e-07,1.46209
5.0684e-07,1.46196
5.09265e-07,1.46183
5.11702e-07,1.4617
5.14151e-07,1.46158
5.16611e-07,1.46145
5.19083e-07,1.46133
5.21567e-07,1.4612
5.24062e-07,1.46108
5.2657e-07,1.46096
5.2909e-07,1.46084
5.31621e-07,1.46072
5.34165e-07,1.46061
5.36721e-07,1.46049
5.39289e-07,1.46038
5.4187e-07,1.46026
5.44463e-07,1.46015
5.47068e-07,1.46004
5.49686e-07,1.45993
5.52316e-07,1.45981
5.54959e-07,1.45971
5.57614e-07,1.4596
5.60282e-07,1.45949
5.62963e-07,1.45938
5.65657e-07,1.45928
5.68364e-07,1.45917
5.71083e-07,1.45907
5.73816e-07,1.45896
5.76562e-07,1.45886
5.79321e-07,1.45876
5.82093e-07,1.45866
5.84878e-07,1.45856
5.87677e-07,1.45846
5.90489e-07,1.45836
5.93314e-07,1.45826
5.96153e-07,1.45817
5.99006e-07,1.45807
6.01872e-07,1.45798
6.04752e-07,1.45788
6.07646e-07,1.45779
6.10553e-07,1.45769
6.13475e-07,1.4576
6.1641e-07,1.45751
6.1936e-07,1.45742
6.22323e-07,1.45733
6.25301e-07,1.45724
6.28293e-07,1.45715
6.313e-07,1.45706
6.3432e-07,1.45697
6.37356e-07,1.45689
6.40405e-07,1.4568
6.4347e-07,1.45671
6.46549e-07,1.45663
6.49642e-07,1.45655
6.52751e-07,1.45646
6.55874e-07,1.45638
6.59013e-07,1.45629
6.62166e-07,1.45621
6.65335e-07,1.45613
6.68518e-07,1.45605
6.71717e-07,1.45597
6.74931e-07,1.45589
6.78161e-07,1.45581
6.81406e-07,1.45573
6.84666e-07,1.45565
6.87942e-07,1.45557
6.91234e-07,1.4555
6.94542e-07,1.45542
6.97865e-07,1.45534
7.01204e-07,1.45527
7.0456e-07,1.45519
7.07931e-07,1.45511
7.11318e-07,1.45504
7.14722e-07,1.45497
7.18142e-07,1.45489
7.21578e-07,1.45482
7.25031e-07,1.45474
7.285e-07,1.45467
7.31986e-07,1.4546
7.35489e-07,1.45453
7.39008e-07,1.45446
7.42544e-07,1.45438
7.46097e-07,1.45431
7.49667e-07,1.45424
7.53254e-07,1.45417
7.56859e-07,1.4541
7.6048e-07,1.45403
7.64119e-07,1.45397
7.67775e-07,1.4539
7.71449e-07,1.45383
7.75141e-07,1.45376
7.7885e-07,1.45369
7.82576e-07,1.45362
7.86321e-07,1.45356
7.90084e-07,1.45349
7.93864e-07,1.45342
7.97663e-07,1.45336
8.0148e-07,1.45329
8.05315e-07,1.45323
8.09168e-07,1.45316
8.1304e-07,1.4531
8.1693e-07,1.45303
8.20839e-07,1.45297
8.24767e-07,1.4529
8.28714e-07,1.45284
8.32679e-07,1.45277
8.36663e-07,1.45271
8.40667e-07,1.45264
8.44689e-07,1.45258
8.48731e-07,1.45252
8.52792e-07,1.45246
8.56873e-07,1.45239
8.60973e-07,1.45233
8.65093e-07,1.45227
8.69232e-07,1.4522
8.73392e-07,1.45214
8.77571e-07,1.45208
8.8177e-07,1.45202
8.85989e-07,1.45196
8.90229e-07,1.45189
8.94488e-07,1.45183
8.98769e-07,1.45177
9.03069e-07,1.45171
9.0739e-07,1.45165
9.11732e-07,1.45159
9.16095e-07,1.45153
9.20478e-07,1.45147
9.24883e-07,1.45141
9.29308e-07,1.45134
9.33755e-07,1.45128
9.38223e-07,1.45122
9.42712e-07,1.45116
9.47223e-07,1.4511
9.51756e-07,1.45104
9.5631e-07,1.45098
9.60886e-07,1.45092
9.65484e-07,1.45086
9.70104e-07,1.4508
9.74746e-07,1.45074
9.7941e-07,1.45068
9.84096e-07,1.45062
9.88805e-07,1.45056
9.93536e-07,1.4505
9.98291e-07,1.45044
1.00307e-06,1.45038
1.00787e-06,1.45032
1.01269e-06,1.45026
1.01754e-06,1.4502
1.0224e-06,1.45014
1.0273e-06,1.45008
1.03221e-06,1.45002
1.03715e-06,1.44996
1.04211e-06,1.4499
1.0471e-06,1.44983
1.05211e-06,1.44977
1.05715e-06,1.44971
1.0622e-06,1.44965
1.06729e-06,1.44959
1.07239e-06,1.44953
1.07752e-06,1.44947
1.08268e-06,1.44941
1.08786e-06,1.44935
1.09307e-06,1.44929
1.0983e-06,1.44922
1.10355e-06,1.44916
1.10883e-06,1.4491
1.11414e-06,1.44904
1.11947e-06,1.44898
1.12483e-06,1.44891
1.13021e-06,1.44885
1.13562e-06,1.44879
1.14105e-06,1.44873
1.14651e-06,1.44866
1.152e-06,1.4486
1.15751e-06,1.44854
1.16305e-06,1.44847
1.16861e-06,1.44841
1.1742e-06,1.44834
1.17982e-06,1.44828
1.18547e-06,1.44822
1.19114e-06,1.44815
1.19684e-06,1.44809
1.20257e-06,1.44802
1.20832e-06,1.44796
1.2141e-06,1.44789
1.21991e-06,1.44782
1.22575e-06,1.44776
1.23162e-06,1.44769
1.23751e-06,1.44762
1.24343e-06,1.44756
1.24938e-06,1.44749
1.25536e-06,1.44742
1.26137e-06,1.44735
1.2674e-06,1.44729
1.27347e-06,1.44722
1.27956e-06,1.44715
1.28568e-06,1.44708
1.29183e-06,1.44701
1.29801e-06,1.44694
1.30423e-06,1.44687
1.31047e-06,1.4468
1.31674e-06,1.44673
1.32304e-06,1.44666
1.32937e-06,1.44658
1.33573e-06,1.44651
1.34212e-06,1.44644
1.34854e-06,1.44637
1.355e-06,1.44629
1.36148e-06,1.44622
1.36799e-06,1.44615
1.37454e-06,1.44607
1.38112e-06,1.446
1.38773e-06,1.44592
1.39437e-06,1.44584
1.40104e-06,1.44577
1.40774e-06,1.44569
1.41448e-06,1.44561
1.42125e-06,1.44554
1.42805e-06,1.44546
1.43488e-06,1.44538
1.44175e-06,1.4453
1.44864e-06,1.44522
1.45558e-06,1.44514
1.46254e-06,1.44506
1.46954e-06,1.44497
1.47657e-06,1.44489
1.48364e-06,1.44481
1.49074e-06,1.44473
1.49787e-06,1.44464
1.50504e-06,1.44456
1.51224e-06,1.44447
1.51947e-06,1.44439
1.52674e-06,1.4443
1.53405e-06,1.44421
1.54139e-06,1.44413
1.54877e-06,1.44404
1.55618e-06,1.44395
1.56362e-06,1.44386
1.57111e-06,1.44377
1.57862e-06,1.44368
1.58618e-06,1.44359
1.59377e-06,1.44349
1.60139e-06,1.4434
1.60906e-06,1.44331
1.61675e-06,1.44321
1.62449e-06,1.44312
1.63226e-06,1.44302
1.64007e-06,1.44293
1.64792e-06,1.44283
1.65581e-06,1.44273
1.66373e-06,1.44263
1.67169e-06,1.44253
1.67969e-06,1.44243
1.68773e-06,1.44233
1.6958e-06,1.44223
1.70392e-06,1.44212
1.71207e-06,1.44202
1.72026e-06,1.44191
1.72849e-06,1.44181
1.73677e-06,1.4417
1.74508e-06,1.44159
1.75343e-06,1.44149
1.76182e-06,1.44138
1.77025e-06,1.44127
1.77872e-06,1.44116
1.78723e-06,1.44104
1.79578e-06,1.44093
1.80437e-06,1.44082
1.81301e-06,1.4407
1.82168e-06,1.44058
1.8304e-06,1.44047
1.83916e-06,1.44035
1.84796e-06,1.44023
1.8568e-06,1.44011
1.86568e-06,1.43999
1.87461e-06,1.43986
1.88358e-06,1.43974
1.8926e-06,1.43962
1.90165e-06,1.43949
1.91075e-06,1.43936
1.91989e-06,1.43923
1.92908e-06,1.4391
1.93831e-06,1.43897
1.94759e-06,1.43884
1.9569e-06,1.43871
1.96627e-06,1.43857
1.97568e-06,1.43844
1.98513e-06,1.4383
1.99463e-06,1.43816
2.00417e-06,1.43802
2.01376e-06,1.43788
2.0234e-06,1.43774
2.03308e-06,1.4376
2.04281e-06,1.43745
2.05258e-06,1.43731
2.06241e-06,1.43716
2.07227e-06,1.43701
2.08219e-06,1.43686
2.09215e-06,1.43671
2.10216e-06,1.43655
2.11222e-06,1.4364
2.12233e-06,1.43624
2.13249e-06,1.43608
2.14269e-06,1.43592
2.15294e-06,1.43576
2.16324e-06,1.4356
2.1736e-06,1.43544
2.184e-06,1.43527
2.19445e-06,1.4351
2.20495e-06,1.43493
2.2155e-06,1.43476
2.2261e-06,1.43459
2.23675e-06,1.43442
2.24745e-06,1.43424
2.25821e-06,1.43406
2.26901e-06,1.43388
2.27987e-06,1.4337
2.29078e-06,1.43352
2.30174e-06,1.43333
2.31275e-06,1.43314
2.32382e-06,1.43296
2.33494e-06,1.43276
2.34611e-06,1.43257
2.35734e-06,1.43238
2.36862e-06,1.43218
2.37995e-06,1.43198
2.39134e-06,1.43178
2.40278e-06,1.43158
2.41428e-06,1.43137
2.42583e-06,1.43116
2.43744e-06,1.43095
2.4491e-06,1.43074
2.46082e-06,1.43053
2.4726e-06,1.43031
2.48443e-06,1.43009
2.49632e-06,1.42987
2.50826e-06,1.42965
2.52026e-06,1.42942
2.53232e-06,1.42919
2.54444e-06,1.42896
2.55662e-06,1.42873
2.56885e-06,1.42849
2.58114e-06,1.42826
2.59349e-06,1.42802
2.6059e-06,1.42777
2.61837e-06,1.42753
2.6309e-06,1.42728
2.64349e-06,1.42703
2.65614e-06,1.42677
2.66885e-06,1.42652
2.68162e-06,1.42626
2.69445e-06,1.42599
2.70734e-06,1.42573
2.7203e-06,1.42546
2.73331e-06,1.42519
2.74639e-06,1.42492
2.75953e-06,1.42464
2.77274e-06,1.42436
2.78601e-06,1.42407
2.79934e-06,1.42379
2.81273e-06,1.4235
2.82619e-06,1.4232
2.83971e-06,1.42291
2.8533e-06,1.42261
2.86695e-06,1.42231
2.88067e-06,1.422
2.89446e-06,1.42169
2.90831e-06,1.42138
2.92222e-06,1.42106
2.93621e-06,1.42074
2.95026e-06,1.42041
2.96437e-06,1.42008
2.97856e-06,1.41975
2.99281e-06,1.41942
3.00713e-06,1.41908
3.02152e-06,1.41873
3.03598e-06,1.41839
3.0505e-06,1.41803
3.0651e-06,1.41768
3.07977e-06,1.41732
3.0945e-06,1.41695
3.10931e-06,1.41659
3.12419e-06,1.41621
3.13914e-06,1.41584
3.15416e-06,1.41545
3.16925e-06,1.41507
3.18442e-06,1.41468
3.19965e-06,1.41428
3.21496e-06,1.41388
3.23035e-06,1.41348
3.24581e-06,1.41307
3.26134e-06,1.41265
3.27694e-06,1.41223
3.29262e-06,1.41181
3.30838e-06,1.41138
3.32421e-06,1.41094
3.34011e-06,1.4105
3.3561e-06,1.41005
3.37216e-06,1.4096
3.38829e-06,1.40915
3.4045e-06,1.40868
3.42079e-06,1.40821
3.43716e-06,1.40774
3.45361e-06,1.40726
3.47014e-06,1.40677
3.48674e-06,1.40628
3.50342e-06,1.40578
3.52019e-06,1.40528
3.53703e-06,1.40477
3.55396e-06,1.40425
3.57096e-06,1.40373
3.58805e-06,1.40319
3.60522e-06,1.40266
3.62247e-06,1.40211
3.6398e-06,1.40156
3.65722e-06,1.401
3.67472e-06,1.40044
3.6923e-06,1.39986
3.70997e-06,1.39928
3.72772e-06,1.39869
3.74556e-06,1.3981
3.76348e-06,1.39749
3.78149e-06,1.39688
3.79958e-06,1.39626
3.81777e-06,1.39563
3.83603e-06,1.39499
3.85439e-06,1.39435
3.87283e-06,1.39369
3.89136e-06,1.39303
3.90998e-06,1.39236
3.92869e-06,1.39168
3.94749e-06,1.39099
3.96638e-06,1.39029
3.98536e-06,1.38958
4.00443e-06,1.38886
4.02359e-06,1.38813
4.04284e-06,1.38739
4.06219e-06,1.38664
4.08163e-06,1.38588
4.10116e-06,1.38511
4.12078e-06,1.38433
4.1405e-06,1.38354
4.16031e-06,1.38273
4.18022e-06,1.38192
4.20022e-06,1.38109
4.22032e-06,1.38025
4.24051e-06,1.3794
4.2608e-06,1.37854
4.28119e-06,1.37766
4.30168e-06,1.37677
4.32226e-06,1.37587
4.34294e-06,1.37495
4.36372e-06,1.37403
4.3846e-06,1.37308
4.40558e-06,1.37213
4.42666e-06,1.37115
4.44785e-06,1.37017
4.46913e-06,1.36917
4.49051e-06,1.36815
4.512e-06,1.36712
4.53359e-06,1.36607
4.55528e-06,1.36501
4.57708e-06,1.36393
4.59898e-06,1.36283
4.62099e-06,1.36172
4.6431e-06,1.36058
4.66532e-06,1.35943
4.68764e-06,1.35826
4.71007e-06,1.35708
4.73261e-06,1.35587
4.75525e-06,1.35464
4.77801e-06,1.3534
4.80087e-06,1.35213
4.82384e-06,1.35085
4.84692e-06,1.34954
4.87012e-06,1.34821
4.89342e-06,1.34685
4.91684e-06,1.34548
4.94036e-06,1.34408
4.964e-06,1.34266
4.98775e-06,1.34121
5.01162e-06,1.33974
5.0356e-06,1.33824
5.0597e-06,1.33672
5.08391e-06,1.33517
5.10823e-06,1.33359
5.13268e-06,1.33198
5.15724e-06,1.33035
5.18191e-06,1.32868
5.20671e-06,1.32699
5.23162e-06,1.32526
5.25666e-06,1.32351
5.28181e-06,1.32172
5.30708e-06,1.31989
5.33248e-06,1.31803
5.35799e-06,1.31614
5.38363e-06,1.31421
5.40939e-06,1.31225
5.43528e-06,1.31024
5.46128e-06,1.3082
5.48742e-06,1.30612
5.51367e-06,1.30399
5.54006e-06,1.30182
5.56657e-06,1.29961
5.5932e-06,1.29736
5.61996e-06,1.29505
5.64686e-06,1.29271
5.67388e-06,1.29031
5.70103e-06,1.28786
5.72831e-06,1.28536
5.75572e-06,1.2828
5.78326e-06,1.2802
5.81093e-06,1.27753
5.83873e-06,1.27481
5.86667e-06,1.27202
5.89474e-06,1.26918
5.92295e-06,1.26627
5.95129e-06,1.26329
5.97977e-06,1.26024
6.00838e-06,1.25713
6.03713e-06,1.25394
6.06602e-06,1.25067
6.09505e-06,1.24733
6.12421e-06,1.24391
6.15351e-06,1.2404
6.18296e-06,1.2368
6.21254e-06,1.23312
6.24227e-06,1.22934
6.27214e-06,1.22547
6.30215e-06,1.22149
6.33231e-06,1.21741
6.36261e-06,1.21323
6.39305e-06,1.20893
6.42364e-06,1.20451
6.45438e-06,1.19997
6.48527e-06,1.19531
6.5163e-06,1.19051
6.54748e-06,1.18558
6.57881e-06,1.1805
6.61029e-06,1.17528
6.64192e-06,1.16989
6.6737e-06,1.16435
6.70563e-06,1.15863
6.73772e-06,1.15273
6.76996e-06,1.14665
6.80235e-06,1.14037
6.8349e-06,1.13389
6.86761e-06,1.12719
6.90047e-06,1.12026
6.93349e-06,1.1131
6.96666e-06,1.10568
7e-06,1.098
